5 0.618229 0.338889 0.017708 0.088889
1 0.271354 0.751389 0.540625 0.466667
2 0.076042 0.408333 0.139583 0.091667
2 0.348438 0.493056 0.111458 0.066667
2 0.073958 0.326389 0.064583 0.050000
2 0.280208 0.359028 0.150000 0.073611
2 0.457292 0.329167 0.097917 0.052778
1 0.490625 0.458333 0.210417 0.175000
1 0.228125 0.440278 0.143750 0.152778
4 0.234375 0.233333 0.168750 0.052778
4 0.896875 0.381250 0.206250 0.148611
7 0.715104 0.329861 0.115625 0.093056
7 0.621875 0.720139 0.089583 0.493056
1 0.141667 0.309722 0.058333 0.072222
3 0.770833 0.684722 0.450000 0.558333
4 0.488021 0.231250 0.109375 0.059722