1 0.412500 0.768750 0.820833 0.429167
3 0.859896 0.620833 0.280208 0.286111
2 0.047917 0.421528 0.093750 0.115278
2 0.249479 0.513889 0.219792 0.052778
2 0.470833 0.554167 0.102083 0.069444
6 0.595312 0.386111 0.026042 0.080556
1 0.465104 0.461111 0.255208 0.100000
2 0.362500 0.382639 0.254167 0.037500
2 0.183333 0.404167 0.150000 0.069444
2 0.303125 0.450000 0.133333 0.044444
4 0.390625 0.290278 0.106250 0.036111
4 0.193229 0.296528 0.134375 0.037500
4 0.861458 0.399306 0.277083 0.148611
4 0.942708 0.302083 0.114583 0.070833
4 0.671354 0.293750 0.280208 0.054167
1 0.334896 0.342361 0.296875 0.048611
7 0.663542 0.388194 0.118750 0.151389