2 0.744792 0.545139 0.310417 0.340278
1 0.446354 0.763889 0.476042 0.452778
1 0.802083 0.839583 0.189583 0.304167
1 0.452083 0.406944 0.264583 0.230556
1 0.631250 0.319444 0.129167 0.083333
1 0.179688 0.386806 0.282292 0.101389
1 0.060417 0.472917 0.108333 0.173611
1 0.246354 0.331250 0.130208 0.073611
1 0.128125 0.847222 0.120833 0.297222
2 0.020833 0.799306 0.035417 0.351389
2 0.124479 0.587500 0.130208 0.166667
2 0.239063 0.479167 0.119792 0.069444
4 0.154687 0.269444 0.288542 0.091667
4 0.732812 0.304861 0.153125 0.095833