2 0.254167 0.667361 0.185417 0.240278
2 0.118750 0.465278 0.077083 0.094444
2 0.446875 0.459028 0.120833 0.134722
2 0.261979 0.506250 0.080208 0.126389
2 0.841667 0.833333 0.068750 0.080556
2 0.481250 0.921528 0.125000 0.070833
2 0.594792 0.367361 0.166667 0.051389
2 0.726562 0.442361 0.084375 0.059722
1 0.242188 0.325694 0.363542 0.251389
3 0.573438 0.252778 0.286458 0.116667
1 0.574479 0.709722 0.440625 0.377778
1 0.091146 0.794444 0.151042 0.408333
1 0.591667 0.471528 0.156250 0.106944
2 0.907292 0.625694 0.091667 0.095833
1 0.791667 0.584722 0.125000 0.172222
4 0.873958 0.306944 0.252083 0.261111
5 0.750000 0.323611 0.027083 0.177778
6 0.376042 0.197222 0.022917 0.083333