2 0.809375 0.901389 0.352083 0.175000
2 0.341146 0.859028 0.048958 0.248611
2 0.148438 0.790972 0.146875 0.126389
2 0.757292 0.517361 0.147917 0.115278
2 0.285417 0.513194 0.247917 0.076389
2 0.558854 0.552083 0.132292 0.129167
2 0.685937 0.737500 0.132292 0.122222
2 0.116146 0.393056 0.148958 0.069444
2 0.343229 0.377083 0.076042 0.048611
2 0.376042 0.616667 0.137500 0.088889
1 0.071875 0.606944 0.133333 0.363889
1 0.148438 0.917361 0.259375 0.165278
1 0.497917 0.882639 0.204167 0.234722
1 0.435417 0.420139 0.068750 0.204167
1 0.885417 0.691667 0.229167 0.208333
2 0.514583 0.390278 0.064583 0.044444
4 0.815104 0.238889 0.369792 0.188889
7 0.537500 0.143056 0.335417 0.113889
7 0.521354 0.027083 0.438542 0.051389
3 0.280208 0.221528 0.543750 0.229167
6 0.453646 0.187500 0.023958 0.191667