7 0.120833 0.903472 0.235417 0.193056
7 0.096354 0.594444 0.173958 0.163889
7 0.692187 0.588889 0.034375 0.052778
7 0.464583 0.620833 0.081250 0.069444
7 0.548438 0.621528 0.034375 0.040278
7 0.622917 0.667361 0.087500 0.065278
7 0.059896 0.368056 0.105208 0.038889
4 0.868750 0.640278 0.262500 0.219444
4 0.448438 0.527083 0.234375 0.084722
4 0.071354 0.465972 0.088542 0.068056
4 0.211458 0.488889 0.158333 0.063889
4 0.653646 0.537500 0.107292 0.050000
4 0.693750 0.392361 0.172917 0.040278
4 0.898438 0.398611 0.196875 0.058333